Level NbBreakdwon NbRecover NbCandidates NbRecoveredCandidates
25 255 194 11643 256
25 255 194 11643 256
25 255 194 11643 352
25 255 154 11643 300
25 255 226 11643 228
25 255 154 11643 156
25 255 0 11643 0
25 255 38 11643 40
25 255 0 11643 0
25 255 14 11643 44
Level NbBreakdwon NbRecover NbCandidates NbRecoveredCandidates
25 255 134 11643 136
25 255 0 11643 0
25 255 102 11643 104
25 255 102 11643 104
25 255 0 11643 0
25 255 0 11643 0
25 255 134 11643 240
25 255 0 11643 0
25 255 134 11643 136
25 255 102 11643 104
Level NbBreakdwon NbRecover NbCandidates NbRecoveredCandidates
25 255 0 11643 0
25 255 14 11643 44
25 255 0 11643 0
25 255 0 11643 0
25 255 0 11643 0
25 255 154 11643 156
25 255 0 11643 0
25 255 0 11643 0
25 255 154 11643 200
25 255 14 11643 44
Level NbBreakdwon NbRecover NbCandidates NbRecoveredCandidates
25 255 227 11643 658
25 255 254 11643 788
25 255 254 11643 760
25 255 250 11643 936
25 255 227 11643 658
25 255 254 11643 1190
25 255 250 11643 480
25 255 254 11643 332
25 255 254 11643 990
25 255 250 11643 482
Level NbBreakdwon NbRecover NbCandidates NbRecoveredCandidates
25 255 162 11643 164
25 255 0 11643 0
25 255 0 11643 0
25 255 0 11643 0
25 255 0 11643 0
25 255 162 11643 164
25 255 0 11643 0
25 255 0 11643 0
25 255 162 11643 164
25 255 162 11643 164

